22353
9430
42623
36120
65515
34114
39452
27676
57654
37991
6459
40746
56131
62396
6341
44638
15255
17755
63628
35617
53780
62716
39657
24562
60277
14205
61734
11058
13350
31493
31991
1299
43025
20195
51527
14387
63506
4511
8426
1045
49433
6661
16282
54873
46345
15629
33785
34415
24317
29459
24530
3272
34213
25289
45415
54564
45944
62483
5273
6588
3918
63691
34975
15490
13688
61802
26000
19270
810
63539
10245
23888
28914
45768
8057
17116
28315
39012
20763
46028
51263
61095
39871
20559
6825
10211
17916
1818
49697
8406
64513
57041
2811
28822
62274
26127
9348
12465
30030
50470
58931
29980
46273
20589
10647
17
13876
43050
45762
32115
42709
44539
37337
59400
2527
34115
56477
22807
16665
16157
13105
56571
6609
59505
59734
30036
60084
17602
59950
61361
5893
18439
39308
59002
21426
14291
32770
9561
41605
32334
30652
51994
41476
35468
11489
11441
1203
24464
64976
32922
60446
38989
56265
19145
8666
63827
35848
63659
3665
6872
14821
62980
8664
7612
25880
8061
41810
46612
59656
64095
28620
31850
50324
43705
52123
28087
57853
44570
36413
45120
60924
55711
31369
8836
12450
45638
47901
22502
50196
42698
13153
34542
47368
63195
34445
34039
4433
44158
31660
21835
41494
15966
20057
35898
11131
33923
52115
62463
22371
10537
1933
34624
1505
48360
28702
7736
53577
58603
56974
42578
5811
37691
42630
39447
63328
63726
64922
51088
44389
34829
13063
32641
32488
19514
14519
42645
31016
33998
55506
5335
39887
28324
30021
24096
2016
48727
25616
53597
14425
25174
25311
58239
63275
46773
27173
42763
11418
40813
33331
39361
27212
49411
32655
20494
7236
53175
34292
6384
6440
12902
26132
65088
13947
52388
53543
52182
62869
64384
41262
30024
4274
48636
13647
5392
62892
48622
61904
19007
15040
54262
6730
17005
2795
37268
30207
48637
63414
64423
59631
46047
44866
38366
35803
26988
48161
6404
59549
16769
47725
6972
8970
48527
44984
50651
49005
6761
25383
43372
55981
11019
30132
20865
27557
3166
26914
26465
9546
40808
60487
49440
56477
25240
26059
29157
44880
59491
26859
56536
18502
20520
11078
32315
28708
30702
13449
59947
63976
10418
59947
48730
8422
62924
44970
36951
40412
32906
36847
23693
20297
1506
37944
34729
64855
43891
28929
3222
58932
44191
16244
8411
46203
63360
56068
8341
53526
50468
52280
26128
44117
28629
40126
18518
21006
3847
2723
37635
2414
59732
60038
41418
48736
29652
4029
58993
53025
39279
18277
2503
38856
18102
11456
23267
44767
32172
17455
44123
25785
27356
39689
43344
23035
26757
63284
44102
15502
32647
3813
5186
13251
40653
2152
22895
47146
27359
45240
56958
28920
36530
3865
54883
55990
57077
45366
64594
35045
20475
51082
15662
37207
48776
51879
33533
23452
19260
22541
19498
39947
39299
34420
38390
38969
39929
30336
25481
3365
54080
2925
5600
48407
32778
49203
9394
4093
26372
36504
8582
33624
27827
65454
21706
21195
43336
15715
36145
42561
12349
27856
48107
17109
54976
40336
53529
48689
56588
11579
39657
17753
48178
60485
37857
22085
6513
31772
63923
15062
17546
64257
57937
31469
54731
59812
32926
58803
17609
26217
22966
48896
22683
5087
50993
16463
28591
51245
1710
7185
1712
5030
831
27139
62798
45697
32316
8731
19345
39400
52075
38311
62671
55516
50021
41413
36016
25216
12379
20375
37160
50941
57280
23499
8244
13141
51248
33879
11156
60523
45493
18264
54856
6018
26657
60480
238
36854
22346
45140
49727
59313
12341
58339
10585
29662
51401
50681
38663
31225
15748
17428
50134
37044
43675
12597
6327
1250
53121
32692
59812
21012
6680
61856
56108
23139
60711
10421
57231
11719
15669
3857
50180
41201
40728
251
56724
17155
43338
42280
35953
6660
41991
59138
44918
60592
18781
27969
52648
22177
7406
16762
25385
55058
18594
12970
63731
62406
3829
2109
13365
13859
43563
35878
64157
39387
49431
11334
58739
12162
41709
52476
11591
33648
60359
60325
50371
26584
32664
24359
45404
16627
26949
37244
42661
59628
56304
40813
12973
51248
38228
15756
16842
17142
13713
58212
42107
8118
54144
37354
29965
57552
28769
34997
33380
8059
49971
37073
11374
1039
46864
52257
45824
53594
33068
34735
52208
49982
15969
44567
16172
62786
63037
40928
16767
45484
54836
23009
44871
3638
39750
37063
8518
36240
57204
23478
1504
9842
19157
64023
31236
28277
12902
28982
64921
10836
45299
8343
24927
29493
48393
59168
26176
21208
43505
8873
37428
56295
9593
17990
15202
39382
26954
15712
55659
53653
34942
35085
21718
39751
37352
26094
30670
55965
32977
12802
24583
38961
33124
20145
4578
8198
65446
25423
9984
35105
61447
59951
16596
13623
9105
34324
2154
20277
44978
41414
23000
2263
9946
10235
59940
7211
50150
49373
35761
710
45770
29823
56839
6898
17813
2269
1066
6252
24971
5826
9987
15288
34177
64835
27065
52697
64684
24561
19131
51051
43067
14978
38810
44912
4693
17793
25135
2090
34587
5542
13589
52502
53186
10705
59954
58656
63934
54729
29382
9502
43931
26879
60075
51649
52187
5089
62222
47725
20266
21235
27118
37224
35721
12415
42252
18069
22944
37609
51108
31172
3128
23149
9154
5590
3284
1040
51458
20389
62212
21590
64841
41035
44849
39416
54880
8958
57632
738
8243
57521
29386
21223
10336
53320
55675
53236
36737
16014
64962
8529
26938
38536
20199
6887
26566
7849
17524
22803
40151
49833
57427
16648
12906
53782
16924
29720
63702
12784
10489
17568
32283
43324
16611
61852
45999
3764
12923
48203
46557
26035
52874
43571
47217
45996
1877
32640
14931
8905
12067
12852
39664
4971
39977
30832
54055
4618
7050
52041
7760
23273
50882
7843
43185
5689
56718
62766
7744
50999
16850
24849
6208
23654
26626
58606
45403
53160
52431
12679
57254
36924
56609
2339
59766
55065
20333
30350
20200
11677
4604
18693
44252
36910
34969
58442
26938
48923
477
56145
49599
8603
14584
8155
8354
36362
53472
26966
19288
57552
59724
40020
8674
26133
61728
45481
42617
10924
25918
54087
63644
37791
14905
1369
51611
31498
50034
54901
44468
12639
18189
51607
2721
25919
23527
47923
25716
12032
14840
40758
29401
30959
24065
2937
58619
14249
7154
61558
38900
28612
53190
15300
29922
50366
26432
27891
18176
14828
41002
8240
55612
